0,3858
1,3876
2,3901
3,3862
4,3909
5,3925
6,4068
7,4028
8,3508
9,3925
10,4074
11,4090
12,3952
13,3936
14,3863
15,3780
16,3803
17,3886
18,3834
19,3668
20,3644
21,3739
22,3682
23,3785
24,3546
25,3653
26,3673
27,3579
28,3562
29,3681
30,3553
31,3615
32,3634
33,3471
34,3508
35,3666
36,3352
37,3382
38,3443
39,3430
40,3407
41,3429
42,3263
43,3257
44,3280
45,3221
46,3365
47,3372
48,3348
49,3237
50,3270
51,3279
52,3333
53,3333
54,3424
55,3239
56,3268
57,3266
58,3344
59,3503
60,3284
61,3438
62,3319
63,3386
64,3408
65,3499
66,3385
67,3411
68,3391
69,3597
70,3562
71,3642
72,3493
73,3476
74,3616
75,3520
76,3534
77,3678
78,3730
79,3780
80,3629
81,3846
82,3837
83,4047
84,3817
85,3827
86,3897
87,4006
88,3980
89,4161
90,4022
91,4310
92,4279
93,4349
94,4329
95,4503
96,4293
97,4456
98,4424
99,4400
100,4473
101,4468
102,4435
103,4416
104,4472
105,4574
106,4358
107,4669
108,4453
109,4264
110,4399
111,4373
112,4380
113,4471
114,4461
115,4325
116,4226
117,4293
118,4306
119,4364
120,4233
121,4031
122,4040
123,3894
124,3949
125,4036
126,4011
127,3856
128,3910
129,3919
130,3692
131,3849
132,3611
133,3592
134,3583
135,3506
136,3320
137,3571
138,3456
139,3337
140,3218
141,3264
142,3149
143,3228
144,2997
145,2996
146,2983
147,3009
148,2935
149,2989
150,2830
151,2896
152,2825
153,2815
154,2824
155,2842
156,2596
157,2619
158,2600
159,2605
160,2576
161,2560
162,2516
163,2537
164,2516
165,2459
166,2457
167,2531
168,2367
169,2325
170,2342
171,2278
172,2353
173,2457
174,2342
175,2322
176,2324
177,2422
178,2380
179,2418
180,2231
181,2238
182,2275
183,2323
184,2288
185,2317
186,2251
187,2115
188,2230
189,2249
190,2207
191,2410
192,2180
193,2085
194,2143
195,2216
196,2311
197,2239
198,2260
199,2212
200,2270
201,2278
202,2292
203,2401
204,2308
205,2224
206,2262
207,2266
208,2327
209,2339
210,2352
211,2266
212,2345
213,2569
214,2530
215,2566
216,2491
217,2438
218,2572
219,2517
220,2553
221,2717
222,2670
223,2722
224,2749
225,2871
226,2928
227,2958
228,2809
229,2842
230,2916
231,3019
232,3012
233,3062
234,3158
235,3273
236,3190
237,3363
238,3300
239,3352
240,3357
241,3443
242,3470
243,3546
244,3526
245,3443
246,3562
247,3595
248,3520
249,3640
250,3466
251,3875
252,3507
253,3502
254,3389
255,3611
256,3599
257,3688
258,3725
259,3616
260,3483
261,3675
262,3648
263,3884
264,3437
265,3585
266,3671
267,3612
268,3750
269,3677
270,3560
271,3697
272,3636
273,3801
274,3861
275,3811
276,3889
277,3914
278,3682
279,3571
280,3706
281,3780
282,3784
283,3903
284,3829
285,3836
286,3881
287,3970
288,3794
289,3879
290,3815
291,3948
292,3945
293,3861
294,3797
295,3981
296,3983
297,4018
298,3626
299,4098
300,3857
301,3908
302,3922
303,3890
304,3889
305,3944
306,3665
307,3855
308,3750
309,3740
310,3546
311,3874
312,3585
313,3685
314,3537
315,3507
316,3498
317,3542
318,3485
319,3583
320,3492
321,3494
322,3376
323,3664
324,3442
325,3366
326,3390
327,3429
328,3294
329,3458
330,3344
331,3306
332,3239
333,3379
334,3266
335,3306
336,3144
337,3217
338,3352
339,3261
340,3138
341,3331
342,3220
343,3317
344,3277
345,3352
346,3292
347,3468
348,3196
349,3244
350,3288
351,3380
352,3315
353,3375
354,3306
355,3335
356,3281
357,3320
358,3398
359,3616
360,3391
361,3480
362,3465
363,3491
364,3638
365,3596
366,3642
367,3361
368,3497
369,3521
370,3684
371,3778
372,3745
373,3582
374,3778
375,3794
376,3885
377,4077
378,4023
379,3927
380,3946
381,4172
382,4229
383,4267
384,4154
385,4250
386,4226
387,4177
388,4279
389,4455
390,4406
391,4277
392,4385
393,4371
394,4410
395,4600
396,4263
397,4249
398,4156
399,4239
400,4187
401,4191
402,4261
403,4235
404,4018
405,4189
406,4092
407,4135
408,3926
409,4073
410,4027
411,4016
412,4096
413,4074
414,4032
415,3962
416,3893
417,3910
418,3876
419,4058
420,3768
421,3744
422,3658
423,3487
424,3511
425,3588
426,3492
427,3250
428,3265
429,3427
430,3289
431,3310
432,3153
433,3130
434,2916
435,2962
436,3048
437,2907
438,2764
439,2910
440,2735
441,2818
442,2820
443,2912
444,2676
445,2542
446,2470
447,2483
448,2496
449,2527
450,2495
451,2383
452,2525
453,2490
454,2366
455,2438
456,2280
457,2323
458,2341
459,2309
460,2305
461,2312
462,2312
463,2246
464,2300
465,2251
466,2250
467,2393
468,2143
469,2108
470,2139
471,2171
472,2273
473,2193
474,2173
475,2236
476,2213
477,2199
478,2228
479,2355
480,2048
481,2189
482,2177
483,2164
484,2131
485,2225
486,2124
487,2210
488,2172
489,2238
490,2284
491,2353
492,2193
493,2227
494,2236
495,2265
496,2328
497,2405
498,2345
499,2413
500,2323
501,2386
502,2472
503,2556
504,2459
505,2506
506,2482
507,2486
508,2510
509,2625
510,2567
511,2638
512,2593
513,2686
514,2806
515,2942
516,2806
517,2796
518,2981
519,2883
520,3022
521,2996
522,3026
523,2982
524,3171
525,3097
526,3159
527,3445
528,3471
529,3278
530,3469
531,3608
532,3731
533,3893
534,3932
535,4278
536,4542
537,5422
538,6850
539,4804
540,4411
541,4315
542,4779
543,4690
544,4262
545,5102
546,4466
547,4342
548,4482
549,4402
550,4297
551,4635
552,4188
553,4065
554,4393
555,5167
556,4730
557,4793
558,5377
559,6598
560,6678
561,5877
562,4347
563,4492
564,4790
565,4728
566,5447
567,4620
568,4159
569,4329
570,4603
571,4421
572,4599
573,4811
574,5570
575,5488
576,4291
577,4464
578,4337
579,4219
580,4476
581,4692
582,4543
583,4590
584,4070
585,4245
586,4035
587,4210
588,3918
589,3830
590,3838
591,3657
592,3562
593,3704
594,3578
595,3736
596,3553
597,3684
598,3602
599,3606
600,3526
601,3480
602,3456
603,3447
604,3474
605,3571
606,3424
607,3544
608,3467
609,3501
610,3526
611,3786
612,3666
613,3759
614,3430
615,3578
616,3262
617,3272
618,3291
619,3295
620,3431
621,3400
622,3377
623,3436
624,3397
625,3328
626,3511
627,3347
628,3206
629,3457
630,3425
631,3355
632,3370
633,3275
634,3279
635,3431
636,3455
637,3368
638,3481
639,3481
640,3375
641,3437
642,3388
643,3553
644,3479
645,3596
646,3556
647,3738
648,3738
649,3858
650,3681
651,3521
652,3593
653,3719
654,3880
655,3630
656,3643
657,3642
658,3557
659,3787
660,3806
661,3782
662,3858
663,3789
664,3820
665,4026
666,3867
667,3857
668,3828
669,3891
670,3831
671,4295
672,4260
673,4096
674,4059
675,4100
676,4244
677,4171
678,4229
679,4194
680,4308
681,4323
682,4262
683,4524
684,4287
685,4227
686,4067
687,4202
688,4089
689,4230
690,4136
691,4012
692,4096
693,4048
694,3993
695,4204
696,4018
697,3830
698,3784
699,3831
700,3839
701,3826
702,3729
703,3700
704,3715
705,3685
706,3544
707,3711
708,3460
709,3403
710,3443
711,3317
712,3229
713,3255
714,3220
715,3203
716,3174
717,3068
718,3171
719,3259
720,2989
721,2937
722,2975
723,2858
724,2890
725,2828
726,2803
727,2747
728,2841
729,2789
730,2783
731,2906
732,2652
733,2597
734,2392
735,2570
736,2489
737,2442
738,2416
739,2532
740,2284
741,2483
742,2380
743,2480
744,2305
745,2347
746,2283
747,2350
748,2258
749,2431
750,2308
751,2258
752,2302
753,2259
754,2349
755,2395
756,2316
757,2211
758,2276
759,2355
760,2351
761,2477
762,2431
763,2399
764,2422
765,2570
766,2536
767,2644
768,2351
769,2356
770,2376
771,2440
772,2306
773,2502
774,2461
775,2461
776,2493
777,2519
778,2491
779,2710
780,2588
781,2599
782,2547
783,2635
784,2753
785,2817
786,2703
787,2787
788,2840
789,2816
790,2972
791,3125
792,2905
793,3006
794,3068
795,3139
796,3286
797,3509
798,3636
799,3806
800,3365
801,3349
802,3485
803,3611
804,3380
805,3337
806,3468
807,3368
808,3542
809,3550
810,3575
811,3346
812,3443
813,3625
814,3690
815,3776
816,3591
817,3633
818,3641
819,3710
820,3701
821,3785
822,3664
823,3584
824,3798
825,3694
826,3807
827,3928
828,3686
829,3596
830,3586
831,3718
832,3633
833,3634
834,3554
835,3610
836,3681
837,3719
838,3555
839,3791
840,3504
841,3557
842,3519
843,3572
844,3697
845,3608
846,3466
847,3710
848,3483
849,3428
850,3570
851,3579
852,3476
853,3468
854,3362
855,3476
856,3380
857,3489
858,3353
859,3309
860,3321
861,3389
862,3481
863,3570
864,3538
865,3477
866,3488
867,3518
868,3462
869,3448
870,3424
871,3334
872,3367
873,3337
874,3369
875,3518
876,3365
877,3290
878,3202
879,3214
880,3139
881,3212
882,3096
883,3034
884,2994
885,3162
886,3053
887,3260
888,2990
889,2989
890,2992
891,3032
892,3006
893,3175
894,3075
895,2993
896,3063
897,3075
898,2979
899,3130
900,3006
901,2926
902,2993
903,2928
904,2887
905,3061
906,3012
907,2967
908,2951
909,2991
910,3058
911,3249
912,3080
913,2924
914,3003
915,3155
916,3152
917,3251
918,3174
919,3211
920,3169
921,3201
922,3107
923,3306
924,3196
925,3231
926,3338
927,3280
928,3263
929,3369
930,3483
931,3427
932,3530
933,3674
934,3390
935,3662
936,3520
937,3555
938,3493
939,3755
940,3623
941,3787
942,3671
943,3843
944,3751
945,3866
946,4020
947,4111
948,3973
949,4117
950,4072
951,4007
952,3911
953,4154
954,4031
955,4159
956,4216
957,4302
958,4263
959,4245
960,4193
961,4337
962,4104
963,4132
964,4230
965,4352
966,4266
967,4296
968,4217
969,4364
970,4352
971,4612
972,4178
973,4150
974,4183
975,4000
976,4140
977,3895
978,4055
979,3769
980,3911
981,3893
982,3876
983,3862
984,3676
985,3720
986,3746
987,3584
988,3545
989,3674
990,3487
991,3595
992,3503
993,3474
994,3495
995,3406
996,3177
997,3316
998,3196
999,3117
1000,3124
1001,3185
1002,3040
1003,3004
1004,2864
1005,2918
1006,2977
1007,3022
1008,2671
1009,2663
1010,2600
1011,2618
1012,2678
1013,2688
1014,2644
1015,2636
1016,2573
1017,2494
1018,2649
1019,2611
1020,2564
1021,2346
1022,2306
1023,2317
1024,2338
1025,2368
1026,2355
1027,2340
1028,2273
1029,2356
1030,2343
1031,2438
1032,2383
1033,2277
1034,2319
1035,2325
1036,2157
1037,2266
1038,2165
1039,2293
1040,2214
1041,2245
1042,2227
1043,2351
1044,2232
1045,2167
1046,2223
1047,2217
1048,2252
1049,2359
1050,2164
1051,2221
1052,2346
1053,2257
1054,2247
1055,2434
1056,2208
1057,2174
1058,2240
1059,2116
1060,2186
1061,2264
1062,2297
1063,2296
1064,2323
1065,2356
1066,2328
1067,2566
1068,2357
1069,2306
1070,2314
1071,2387
1072,2379
1073,2469
1074,2396
1075,2512
1076,2570
1077,2599
1078,2628
1079,2848
1080,2704
1081,2716
1082,2706
1083,2829
1084,2781
1085,2980
1086,2904
1087,2923
1088,2984
1089,3090
1090,3110
1091,3171
1092,3060
1093,3092
1094,3140
1095,3224
1096,3191
1097,3274
1098,3193
1099,3255
1100,3197
1101,3351
1102,3391
1103,3602
1104,3421
1105,3414
1106,3472
1107,3473
1108,3599
1109,3723
1110,3489
1111,3725
1112,3671
1113,3620
1114,3729
1115,4005
1116,3691
1117,3707
1118,3654
1119,3653
1120,3728
1121,3832
1122,3784
1123,3805
1124,3805
1125,3765
1126,3752
1127,4118
1128,4022
1129,3736
1130,3580
1131,3613
1132,3573
1133,3714
1134,3601
1135,3698
1136,3667
1137,3756
1138,3724
1139,3848
1140,3693
1141,3642
1142,3576
1143,3676
1144,3487
1145,3669
1146,3692
1147,3625
1148,3690
1149,3623
1150,3692
1151,3932
1152,3608
1153,3646
1154,3694
1155,3697
1156,3674
1157,3798
1158,3748
1159,3740
1160,3662
1161,3864
1162,3734
1163,3892
1164,3573
1165,3450
1166,3517
1167,3463
1168,3422
1169,3488
1170,3423
1171,3532
1172,3427
1173,3449
1174,3418
1175,3647
1176,3394
1177,3388
1178,3410
1179,3261
1180,3437
1181,3443
1182,3496
1183,3473
1184,3467
1185,3381
1186,3336
1187,3544
1188,3336
1189,3245
1190,3122
1191,3200
1192,3280
1193,3290
1194,3180
1195,3193
1196,3298
1197,3219
1198,3362
1199,3425
1200,3269
1201,3268
1202,3307
1203,3350
1204,3481
1205,2903
1206,3391
1207,3366
1208,3385
1209,3405
1210,3309
1211,3569
1212,3487
1213,3469
1214,3492
1215,3455
1216,3513
1217,3653
1218,3423
1219,3490
1220,3528
1221,3701
1222,3612
1223,3853
1224,3692
1225,3764
1226,3655
1227,3790
1228,3797
1229,4072
1230,3855
1231,4026
1232,4011
1233,4017
1234,4146
1235,4198
1236,4222
1237,4027
1238,4166
1239,4090
1240,4289
1241,4409
1242,4236
1243,4368
1244,4294
1245,4326
1246,4423
1247,4640
1248,4307
1249,4438
1250,4645
1251,4552
1252,4500
1253,4621
1254,4497
1255,4469
1256,4428
1257,4553
1258,4549
1259,4642
1260,4414
1261,4361
1262,4291
1263,4351
1264,4361
1265,4345
1266,4379
1267,4217
1268,4341
1269,4361
1270,4096
1271,4564
1272,4119
1273,4120
1274,4073
1275,4131
1276,3980
1277,3978
1278,3955
1279,3933
1280,3827
1281,3791
1282,3843
1283,3879
1284,3703
1285,3621
1286,3648
1287,3519
1288,3681
1289,3483
1290,3360
1291,3345
1292,3250
1293,3264
1294,3237
1295,3310
1296,3039
1297,3103
1298,3034
1299,3252
1300,3089
1301,2995
1302,3022
1303,2859
1304,2930
1305,2962
1306,2899
1307,2991
1308,2819
1309,2682
1310,2656
1311,2615
1312,2570
1313,2546
1314,2551
1315,2416
1316,2388
1317,2438
1318,2371
1319,2637
1320,2426
1321,2381
1322,2358
1323,2310
1324,2294
1325,2306
1326,2307
1327,2264
1328,2413
1329,2387
1330,2295
1331,2397
1332,2281
1333,2239
1334,2258
1335,2280
1336,2269
1337,2339
1338,2328
1339,2234
1340,2147
1341,2270
1342,2288
1343,2360
1344,2273
1345,2221
1346,2232
1347,2324
1348,2332
1349,2298
1350,2250
1351,2299
1352,2242
1353,2318
1354,2303
1355,2364
1356,2285
1357,2407
1358,2397
1359,2441
1360,2459
1361,2542
1362,2500
1363,2552
1364,2588
1365,2698
1366,2629
1367,2696
1368,2625
1369,2621
1370,2666
1371,2621
1372,2567
1373,2766
1374,2664
1375,2836
1376,2828
1377,2879
1378,2964
1379,3072
1380,2899
1381,2979
1382,2973
1383,3026
1384,3029
1385,3141
1386,3202
1387,3204
1388,3332
1389,3439
1390,3359
1391,3722
1392,3577
1393,3718
1394,3697
1395,3686
1396,3698
1397,3733
1398,3720
1399,3714
1400,3760
1401,3755
1402,3824
1403,3976
1404,3617
1405,3566
1406,3617
1407,3681
1408,3646
1409,3789
1410,3675
1411,3594
1412,3620
1413,3714
1414,3767
1415,4003
1416,3659
1417,3700
1418,3711
1419,3796
1420,3773
1421,3901
1422,3784
1423,3813
1424,3868
1425,3815
1426,3680
1427,3817
1428,3660
1429,3654
1430,3727
1431,3770
1432,3814
1433,3832
1434,3628
1435,3832
1436,3776
1437,3720
1438,3701
1439,4010
1440,3849
1441,3770
1442,3761
1443,3817
1444,3759
1445,3875
1446,3805
1447,3851
1448,4047
1449,3986
1450,3922
1451,4112
1452,3890
1453,3770
1454,3862
1455,3843
1456,3735
1457,3752
1458,3703
1459,3734
1460,3692
1461,3570
1462,3627
1463,3695
1464,3526
1465,3571
1466,3581
1467,3589
1468,3543
1469,3601
1470,3430
1471,3561
1472,3486
1473,3544
1474,3372
1475,3607
1476,3430
1477,3417
1478,3428
1479,3402
1480,3434
1481,3536
1482,3454
1483,3298
1484,3209
1485,3220
1486,3305
1487,3489
1488,3233
1489,3260
1490,3323
1491,3283
1492,3315
1493,3295
1494,3230
1495,3224
1496,3323
1497,3326
1498,3293
1499,3501
1500,3436
1501,3325
1502,3403
1503,3396
1504,3407
1505,3516
1506,3498
1507,3364
1508,3540
1509,3378
1510,3441
1511,3710
1512,3615
1513,3550
1514,3574
1515,3737
1516,3671
1517,3768
1518,3780
1519,3725
1520,3771
1521,3836
1522,4010
1523,4193
1524,3878
1525,3946
1526,3914
1527,4013
1528,4047
1529,4209
1530,4034
1531,4124
1532,4243
1533,4328
1534,4311
1535,4268
1536,4165
1537,4273
1538,4305
1539,4299
1540,4377
1541,4345
1542,4238
1543,4401
1544,4399
1545,4234
1546,4424
1547,4690
1548,4397
1549,4288
1550,4382
1551,4289
1552,4391
1553,4329
1554,4362
1555,4426
1556,4193
1557,4184
1558,4188
1559,4266
1560,4081
1561,4209
1562,4051
1563,3944
1564,3990
1565,4010
1566,4006
1567,3812
1568,3844
1569,3734
1570,3692
1571,3883
1572,3682
1573,3541
1574,3555
1575,3566
1576,3568
1577,3566
1578,3331
1579,3341
1580,3164
1581,3262
1582,3119
1583,3239
1584,3117
1585,2948
1586,2929
1587,2923
1588,2796
1589,2863
1590,2786
1591,2821
1592,2839
1593,2745
1594,2794
1595,2797
1596,2762
1597,2731
1598,2674
1599,2701
1600,2511
1601,2622
1602,2511
1603,2552
1604,2523
1605,2505
1606,2476
1607,2614
1608,2344
1609,2394
1610,2363
1611,2443
1612,2313
1613,2366
1614,2381
1615,2325
1616,2324
1617,2263
1618,2282
1619,2371
1620,2253
1621,2332
1622,2294
1623,2334
1624,2360
1625,2375
1626,2256
1627,2254
1628,2205
1629,2254
1630,2274
1631,2351
1632,2211
1633,2230
1634,2301
1635,2260
1636,2310
1637,2394
1638,2359
1639,2266
1640,2292
1641,2328
1642,2357
1643,2538
1644,2410
1645,2353
1646,2436
1647,2521
1648,2489
1649,2565
1650,2568
1651,2505
1652,2516
1653,2560
1654,2578
1655,2751
1656,2632
1657,2721
1658,2768
1659,2803
1660,2925
1661,3046
1662,2993
1663,3042
1664,3049
1665,3223
1666,3199
1667,3502
1668,3217
1669,3267
1670,3354
1671,3401
1672,3360
1673,3461
1674,3506
1675,3575
1676,3631
1677,3609
1678,3616
1679,3823
1680,3669
1681,3711
1682,3754
1683,3862
1684,3966
1685,3963
1686,3894
1687,3979
1688,3988
1689,4017
1690,3962
1691,4127
1692,3919
1693,3954
1694,4063
1695,4027
1696,4232
1697,4162
1698,4107
1699,4187
1700,4328
1701,4468
1702,4535
1703,4772
1704,4982
1705,4765
1706,4600
1707,5008
1708,4411
1709,4394
1710,4407
1711,4124
1712,3928
1713,3997
1714,4163
1715,4195
1716,3937
1717,3984
1718,3883
1719,4054
1720,3962
1721,3997
1722,3829
1723,3979
1724,3830
1725,3985
1726,3920
1727,4238
1728,4085
1729,3948
1730,3990
1731,3920
1732,4002
1733,4003
1734,3797
1735,3960
1736,3975
1737,3971
1738,3857
1739,4124
1740,3833
1741,3918
1742,3753
1743,3923
1744,3724
1745,3927
1746,3825
1747,3791
1748,3559
1749,3714
1750,3575
1751,3824
1752,3640
1753,3646
1754,3538
1755,3630
1756,3628
1757,3679
1758,3537
1759,3669
1760,3587
1761,3511
1762,3640
1763,3782
1764,3498
1765,3480
1766,3323
1767,3527
1768,3529
1769,3528
1770,3429
1771,3392
1772,3455
1773,3454
1774,3253
1775,3536
1776,3475
1777,3482
1778,3417
1779,3510
1780,3394
1781,3552
1782,3582
1783,3511
1784,3488
1785,3613
1786,3478
1787,3643
1788,3499
1789,3503
1790,3507
1791,3456
1792,3604
1793,3661
1794,3639
1795,3697
1796,3640
1797,3711
1798,3667
1799,3712
1800,3771
1801,3753
1802,3746
1803,3714
1804,3746
1805,3735
1806,3507
1807,3839
1808,3877
1809,3847
1810,4043
1811,3934
1812,3770
1813,3867
1814,3876
1815,3827
1816,3827
1817,3743
1818,3874
1819,3756
1820,3804
1821,3909
1822,3917
1823,3861
1824,3865
1825,3763
1826,3841
1827,3875
1828,3839
1829,3816
1830,3846
1831,3992
1832,4081
1833,4007
1834,3993
1835,4076
1836,3969
1837,3964
1838,3885
1839,3984
1840,3857
1841,4082
1842,4088
1843,3979
1844,4016
1845,4044
1846,4020
1847,4070
1848,3985
1849,3942
1850,3949
1851,3902
1852,3867
1853,3891
1854,3895
1855,3855
1856,3855
1857,3895
1858,3847
1859,3832
1860,3716
1861,3601
1862,3573
1863,3606
1864,3464
1865,3472
1866,3401
1867,3357
1868,3343
1869,3233
1870,3283
1871,3341
1872,3153
1873,3063
1874,2985
1875,2960
1876,2822
1877,2985
1878,2856
1879,2819
1880,2757
1881,2756
1882,2680
1883,2841
1884,2651
1885,2639
1886,2611
1887,2536
1888,2543
1889,2573
1890,2536
1891,2432
1892,2472
1893,2426
1894,2303
1895,2537
1896,2320
1897,2367
1898,2328
1899,2248
1900,2280
1901,2289
1902,2322
1903,2321
1904,2267
1905,2390
1906,2151
1907,2386
1908,2189
1909,2147
1910,2257
1911,2209
1912,2224
1913,2212
1914,2182
1915,2215
1916,2197
1917,2168
1918,2186
1919,2378
1920,2083
1921,2214
1922,2207
1923,2197
1924,2262
1925,2310
1926,2173
1927,2205
1928,2271
1929,2242
1930,2303
1931,2398
1932,2327
1933,2266
1934,2348
1935,2373
1936,2425
1937,2402
1938,2439
1939,2397
1940,2361
1941,2581
1942,2526
1943,2833
1944,2614
1945,2560
1946,2692
1947,2622
1948,2666
1949,2807
1950,2675
1951,2873
1952,2829
1953,3051
1954,2911
1955,3083
1956,3030
1957,3040
1958,3039
1959,3104
1960,3151
1961,3258
1962,3363
1963,3228
1964,3315
1965,3490
1966,3448
1967,3595
1968,3537
1969,3483
1970,3622
1971,3699
1972,3763
1973,4045
1974,3728
1975,3908
1976,3846
1977,3882
1978,3746
1979,4066
1980,3702
1981,3691
1982,3659
1983,3711
1984,3784
1985,3780
1986,3772
1987,3776
1988,3667
1989,3870
1990,3759
1991,3957
1992,3716
1993,3749
1994,3729
1995,3787
1996,3868
1997,3985
1998,3850
1999,4014
2000,3814
2001,3906
2002,3919
2003,3926
2004,3865
2005,3802
2006,3862
2007,3840
2008,3829
2009,3845
2010,3827
2011,3929
2012,3884
2013,4011
2014,3735
2015,3997
2016,3832
2017,3811
2018,3930
2019,3875
2020,3956
2021,3812
2022,3894
2023,3943
2024,3895
2025,3855
2026,3971
2027,3983
2028,3765
2029,3760
2030,3611
2031,3596
2032,3702
2033,3726
2034,3591
2035,3690
2036,3611
2037,3566
2038,3549
2039,3751
2040,3460
2041,3495
2042,3627
2043,3538
2044,3479
2045,3643
2046,3622
2047,3569
2048,3711
2049,3520
2050,3590
2051,3659
2052,3453
2053,3384
2054,3330
2055,3396
2056,3351
2057,3459
2058,3411
2059,3232
2060,3285
2061,3441
2062,3304
2063,3489
2064,3238
2065,3282
2066,3422
2067,3223
2068,3296
2069,3383
2070,3336
2071,3453
2072,3376
2073,3381
2074,3376
2075,3446
2076,3428
2077,3330
2078,3427
2079,3469
2080,3444
2081,3557
2082,3512
2083,3388
2084,3508
2085,3490
2086,3586
2087,3734
2088,3508
2089,3408
2090,3438
2091,3490
2092,3557
2093,3583
2094,3568
2095,3733
2096,3753
2097,3755
2098,3758
2099,3927
2100,3803
2101,3765
2102,3853
2103,3938
2104,3981
2105,4015
2106,3876
2107,3907
2108,4020
2109,4022
2110,4056
2111,4015
2112,4033
2113,4043
2114,3926
2115,4109
2116,4235
2117,3949
2118,4007
2119,3958
2120,4085
2121,4110
2122,4294
2123,4168
2124,4149
2125,4040
2126,4077
2127,4036
2128,4279
2129,4276
2130,4188
2131,4186
2132,4080
2133,3996
2134,4207
2135,4241
2136,4131
2137,3997
2138,4046
2139,3807
2140,3942
2141,3966
2142,3883
2143,3845
2144,3870
2145,3792
2146,3682
2147,3850
2148,3677
2149,3553
2150,3546
2151,3395
2152,3560
2153,3535
2154,3306
2155,3338
2156,3294
2157,3301
2158,3239
2159,3306
2160,3043
2161,2876
2162,3056
2163,2806
2164,2835
2165,2837
2166,2833
2167,2816
2168,2853
2169,2769
2170,2772
2171,2694
2172,2603
2173,2592
2174,2478
2175,2464
2176,2400
2177,2523
2178,2463
2179,2389
2180,2435
2181,2406
2182,2424
2183,2392
2184,2302
2185,2331
2186,2361
2187,2235
2188,2213
2189,2307
2190,2328
2191,2303
2192,2170
2193,2190
2194,2298
2195,2324
2196,2148
2197,2198
2198,2171
2199,2225
2200,2207
2201,2286
2202,2208
2203,2203
2204,2169
2205,2157
2206,2199
2207,2347
2208,2162
2209,2110
2210,2185
2211,2157
2212,2255
2213,2219
2214,2084
2215,2250
2216,2142
2217,2206
2218,2191
2219,2296
2220,2257
2221,2216
2222,2271
2223,2327
2224,2318
2225,2332
2226,2383
2227,2391
2228,2461
2229,2421
2230,2520
2231,2625
2232,2281
2233,2344
2234,2570
2235,2617
2236,2687
2237,2660
2238,2740
2239,2819
2240,2810
2241,2851
2242,2841
2243,3021
2244,2911
2245,2997
2246,2994
2247,3018
2248,3209
2249,3185
2250,3170
2251,3324
2252,3324
2253,3507
2254,3466
2255,3659
2256,3492
2257,3712
2258,3001
2259,3577
2260,3714
2261,3812
2262,3742
2263,3753
2264,3757
2265,3715
2266,3657
2267,3928
2268,3616
2269,3582
2270,3760
2271,3608
2272,3701
2273,3770
2274,3782
2275,3687
2276,3718
2277,3729
2278,3809
2279,3953
2280,3680
2281,3688
2282,3623
2283,3759
2284,3717
2285,3849
2286,3786
2287,3730
2288,3649
2289,3753
2290,3758
2291,3821
2292,3643
2293,3706
2294,3641
2295,3735
2296,3722
2297,3808
2298,3729
2299,3594
2300,3655
2301,3709
2302,3716
2303,3890
2304,3762
2305,3686
2306,3720
2307,3757
2308,3738
2309,3857
2310,3820
2311,3785
2312,3914
2313,3864
2314,3795
2315,3924
2316,3653
2317,3739
2318,3651
2319,3696
2320,3620
2321,3628
2322,3701
2323,3574
2324,3574
2325,3619
2326,3560
2327,3666
2328,3524
2329,3432
2330,3482
2331,3449
2332,3410
2333,3517
2334,3626
2335,3390
2336,3450
2337,3503
2338,3572
2339,3620
2340,3371
2341,3325
2342,3227
2343,3238
2344,3315
2345,3407
2346,3360
2347,3144
2348,3262
2349,3305
2350,3350
2351,3485
2352,3200
2353,3355
2354,3237
2355,3252
2356,3181
2357,3195
2358,3208
2359,3266
2360,3376
2361,3264
2362,3276
2363,3435
2364,3304
2365,3400
2366,3241
2367,3363
2368,3361
2369,3374
2370,3322
2371,3323
2372,3276
2373,3334
2374,3387
2375,3473
2376,3391
2377,3383
2378,3459
2379,3515
2380,3479
2381,3568
2382,3621
2383,3492
2384,3623
2385,3645
2386,3636
2387,3793
2388,3743
2389,3627
2390,3643
2391,3648
2392,3729
2393,3795
2394,3754
2395,3724
2396,3662
2397,3517
2398,3837
2399,3811
2400,3833
2401,3769
2402,3737
2403,3680
2404,3871
2405,3821
2406,3814
2407,3929
2408,3853
2409,4023
2410,4053
2411,4142
2412,4078
2413,3966
2414,3972
2415,4027
2416,3938
2417,4028
2418,3882
2419,3995
2420,3994
2421,3988
2422,3875
2423,3923
2424,4051
2425,3941
2426,4013
2427,3937
2428,3964
2429,3964
2430,3959
2431,3800
2432,3597
2433,3762
2434,3796
2435,3813
2436,3688
2437,3549
2438,3458
2439,3546
2440,3421
2441,3469
2442,3387
2443,3181
2444,3178
2445,3294
2446,3144
2447,3353
2448,3020
2449,3042
2450,2987
2451,2956
2452,2876
2453,2876
2454,2852
2455,2905
2456,2676
2457,2695
2458,2749
2459,2829
2460,2681
2461,2516
2462,2479
2463,2442
2464,2500
2465,2552
2466,2453
2467,2427
2468,2498
2469,2373
2470,2377
2471,2429
2472,2352
2473,2268
2474,2254
2475,2324
2476,2231
2477,2321
2478,2202
2479,2191
2480,2281
2481,2199
2482,2257
2483,2236
2484,2103
2485,2189
2486,2227
2487,2242
2488,2282
2489,2207
2490,2134
2491,2123
2492,2142
2493,2179
2494,2140
2495,2276
2496,2059
2497,2087
2498,2095
2499,2120
2500,2176
2501,2183
2502,2165
2503,2146
2504,2236
2505,2152
2506,2240
2507,2282
2508,2166
2509,2278
2510,2226
2511,2296
2512,2335
2513,2327
2514,2408
2515,2367
2516,2340
2517,2350
2518,2455
2519,2556
2520,2447
2521,2410
2522,2531
2523,2550
2524,2584
2525,2688
2526,2650
2527,2816
2528,2771
2529,2863
2530,2829
2531,2984
2532,2861
2533,2993
2534,2971
2535,3081
2536,3062
2537,3148
2538,3110
2539,3264
2540,3430
2541,3428
2542,3429
2543,3692
2544,3599
2545,3616
2546,3821
2547,3692
2548,3674
2549,3619
2550,3631
2551,3615
2552,3667
2553,3632
2554,3678
2555,4017
2556,3734
2557,3755
2558,3843
2559,3658
2560,3694
2561,3738
2562,3825
2563,3738
2564,3857
2565,4039
2566,3947
2567,4107
2568,3976
2569,3954
2570,3706
2571,3779
2572,4014
2573,3921
2574,3594
2575,3643
2576,3648
2577,3718
2578,3777
2579,3873
2580,3662
2581,3559
2582,3385
2583,3430
2584,3545
2585,3343
2586,3397
2587,3499
2588,3428
2589,3424
2590,3600
2591,3740
2592,3399
2593,3297
2594,3395
2595,3520
2596,3401
2597,3636
2598,3600
2599,3634
2600,3666
2601,3696
2602,3803
2603,3771
2604,3528
2605,3670
2606,3436
2607,3565
2608,3438
2609,3583
2610,3387
2611,3600
2612,3383
2613,3416
2614,3323
2615,3416
2616,3158
2617,3329
2618,3323
2619,3343
2620,3313
2621,3248
2622,3171
2623,3174
2624,3140
2625,3151
2626,3231
2627,3296
2628,3185
2629,3164
2630,3319
2631,3281
2632,3310
2633,3262
2634,3254
2635,3112
2636,3087
2637,3047
2638,3117
2639,3325
2640,3267
2641,3240
2642,3225
2643,3236
2644,3164
2645,3248
2646,3062
2647,3325
2648,3228
2649,3208
2650,3129
2651,3318
2652,3069
2653,3203
2654,3145
2655,3222
2656,3154
2657,3227
2658,3227
2659,3149
2660,3157
2661,3106
2662,3290
2663,3482
2664,3229
2665,3121
2666,3175
2667,3202
2668,3259
2669,3320
2670,3252
2671,3386
2672,3402
2673,3356
2674,3417
2675,3514
2676,3484
2677,3528
2678,3365
2679,3503
2680,3585
2681,3588
2682,3549
2683,3609
2684,3742
2685,3599
2686,3661
2687,3855
2688,3730
2689,3744
2690,3747
2691,3762
2692,3935
2693,4008
2694,3906
2695,3936
2696,3964
2697,3942
2698,4033
2699,4201
2700,3997
2701,3871
2702,3781
2703,3828
2704,3842
2705,3875
2706,3895
2707,3704
2708,3666
2709,3827
2710,3776
2711,3868
2712,3576
2713,3587
2714,3557
2715,3529
2716,3482
2717,3596
2718,3443
2719,3269
2720,3324
2721,3298
2722,3325
2723,3336
2724,3176
2725,3115
2726,3179
2727,3104
2728,3007
2729,3127
2730,2922
2731,2937
2732,2984
2733,2964
2734,2858
2735,2964
2736,2875
2737,2806
2738,2628
2739,2765
2740,2737
2741,2685
2742,2690
2743,2848
2744,2570
2745,2638
2746,2581
2747,2719
2748,2505
2749,2545
2750,2517
2751,2466
2752,2459
2753,2463
2754,2293
2755,2439
2756,2421
2757,2318
2758,2382
2759,2535
2760,2363
2761,2297
2762,2270
2763,2346
2764,2272
2765,2376
2766,2287
2767,2296
2768,2260
2769,2304
2770,2221
2771,2450
2772,2258
2773,2282
2774,2236
2775,2263
2776,2298
2777,2369
2778,2262
2779,2342
2780,2402
2781,2448
2782,2439
2783,2542
2784,2260
2785,2259
2786,2343
2787,2280
2788,2368
2789,2406
2790,2381
2791,2350
2792,2403
2793,2445
2794,2439
2795,2672
2796,2498
2797,2582
2798,2485
2799,2489
2800,2632
2801,2645
2802,2635
2803,2665
2804,2753
2805,2763
2806,2852
2807,2981
2808,2841
2809,2780
2810,2819
2811,2937
2812,2904
2813,3044
2814,3139
2815,3036
2816,3132
2817,3139
2818,3255
2819,3358
2820,3101
2821,3262
2822,3193
2823,3252
2824,3339
2825,3348
2826,3283
2827,3371
2828,3422
2829,3421
2830,3505
2831,3551
2832,3485
2833,3422
2834,3349
2835,3438
2836,3442
2837,3521
2838,3421
2839,3461
2840,3422
2841,3448
2842,3526
2843,3672
2844,3497
2845,3545
2846,3563
2847,3520
2848,3522
2849,3566
2850,3490
2851,3532
2852,3494
2853,3469
2854,3494
2855,3599
2856,3348
2857,3322
2858,3341
2859,3341
2860,3432
2861,3380
2862,3369
2863,3308
2864,3363
2865,3320
2866,3251
2867,3274
2868,3315
2869,3204
2870,3150
2871,3060
2872,3272
2873,3329
2874,3201
2875,3160
2876,3138
2877,3283
2878,3203
2879,3492
2880,3281
2881,3140
2882,3383
2883,3335
2884,3169
2885,3343
2886,3171
2887,3192
2888,3160
2889,3087
2890,3199
2891,3166
2892,2989
2893,2960
2894,2814
2895,2968
2896,2948
2897,2947
2898,2832
2899,2875
2900,2911
2901,2917
2902,2759
2903,2892
2904,2736
2905,2750
2906,2747
2907,2822
2908,2889
2909,2865
2910,2816
2911,2826
2912,2793
2913,2860
2914,2845
2915,2937
2916,2751
2917,2817
2918,2874
2919,2895
2920,2789
2921,2844
2922,2817
2923,2837
2924,2813
2925,2880
2926,2938
2927,3040
2928,2903
2929,2924
2930,2866
2931,2871
2932,2924
2933,2999
2934,2933
2935,2942
2936,2934
2937,3073
2938,3000
2939,3243
2940,3130
2941,3284
2942,3181
2943,3241
2944,3190
2945,3391
2946,3353
2947,3295
2948,3570
2949,3525
2950,3499
2951,3712
2952,3744
2953,3878
2954,4033
2955,4394
2956,4673
2957,5342
2958,6285
2959,4639
2960,6577
2961,4208
2962,4658
2963,4131
2964,3908
2965,4333
2966,4325
2967,4200
2968,4031
2969,4217
2970,4602
2971,4392
2972,4170
2973,4219
2974,4515
2975,4496
2976,4110
2977,4267
2978,4438
2979,4101
2980,4448
2981,4446
2982,4255
2983,4205
2984,4196
2985,4237
2986,4126
2987,4562
2988,4419
2989,4187
2990,4047
2991,3979
2992,3849
2993,3936
2994,3822
2995,3866
2996,3771
2997,3818
2998,3841
2999,3816
3000,3746
3001,3578
3002,3490
3003,3537
3004,3355
3005,3422
3006,3532
3007,3402
3008,3442
3009,3329
3010,3381
3011,3312
3012,3117
3013,3047
3014,2949
3015,3141
3016,3025
3017,3113
3018,3053
3019,3034
3020,2878
3021,2913
3022,2875
3023,2956
3024,2791
3025,2664
3026,2736
3027,2741
3028,2696
3029,2664
3030,2548
3031,2588
3032,2575
3033,2528
3034,2431
3035,2567
3036,2479
3037,2347
3038,2395
3039,2312
3040,2406
3041,2321
3042,2212
3043,2297
3044,2171
3045,2249
3046,2225
3047,2401
3048,2206
3049,2256
3050,2243
3051,2292
3052,2232
3053,2195
3054,2286
3055,2321
3056,2169
3057,2189
3058,2218
3059,2359
3060,2252
3061,2155
3062,2209
3063,2165
3064,2199
3065,2246
3066,2224
3067,2225
3068,2236
3069,2294
3070,2305
3071,2371
3072,2179
3073,2218
3074,2176
3075,2224
3076,2372
3077,2245
3078,2244
3079,2248
3080,2274
3081,2257
3082,2385
3083,2427
3084,2336
3085,2434
3086,2319
3087,2489
3088,2394
3089,2534
3090,2591
3091,2547
3092,2519
3093,2512
3094,2737
3095,2795
3096,2668
3097,2607
3098,2677
3099,2815
3100,2796
3101,2982
3102,2801
3103,2874
3104,2941
3105,2933
3106,3065
3107,3151
3108,2975
3109,2997
3110,3023
3111,3098
3112,3159
3113,3189
3114,3246
3115,3323
3116,3280
3117,3347
3118,3427
3119,3593
3120,3333
3121,3466
3122,3381
3123,3472
3124,3484
3125,3565
3126,3479
3127,3442
3128,3579
3129,3585
3130,3566
3131,3739
3132,3584
3133,3611
3134,3558
3135,3707
3136,3532
3137,3655
3138,3525
3139,3529
3140,3584
3141,3667
3142,3630
3143,3713
3144,3599
3145,3549
3146,3480
3147,3424
3148,3503
3149,3647
3150,3428
3151,3618
3152,3501
3153,3569
3154,3531
3155,3653
3156,3533
3157,3371
3158,3484
3159,3292
3160,3478
3161,3441
3162,3388
3163,3457
3164,3421
3165,3476
3166,3476
3167,3460
3168,3349
3169,3303
3170,3271
3171,2727
3172,3043
3173,3523
3174,3543
3175,3430
3176,3501
3177,3511
3178,3534
3179,3539
3180,3415
3181,3313
3182,3502
3183,3261
3184,3497
3185,3629
3186,3395
3187,3353
3188,3264
3189,3265
3190,3325
3191,3601
3192,3178
3193,3151
3194,3188
3195,3337
3196,3165
3197,3266
3198,3240
3199,3190
3200,3187
3201,3205
3202,3329
3203,3343
3204,3253
3205,3212
3206,3154
3207,3078
3208,3101
3209,3150
3210,3074
3211,3038
3212,3078
3213,3085
3214,3190
3215,3232
3216,3108
3217,3114
3218,3135
3219,2985
3220,3139
3221,3309
3222,3208
3223,3107
3224,3078
3225,3387
3226,3081
3227,2760
3228,2632
3229,2416
3230,2580
3231,2794
3232,3023
3233,3180
3234,3264
3235,3370
3236,3460
3237,3503
3238,3601
3239,3780
3240,3482
3241,3639
3242,3663
3243,3698
3244,3753
3245,4019
3246,3843
3247,3856
3248,4003
3249,3934
3250,3939
3251,4112
3252,4008
3253,3891
3254,4082
3255,4109
3256,4071
3257,4182
3258,4161
3259,4087
3260,4163
3261,4210
3262,4112
3263,4276
3264,4291
3265,4296
3266,4247
3267,4256
3268,4459
3269,4336
3270,4303
3271,4245
3272,4465
3273,4300
3274,4311
3275,4371
3276,4408
3277,4370
3278,4205
3279,4345
3280,4320
3281,4418
3282,4281
3283,4381
3284,4200
3285,4325
3286,4089
3287,4281
3288,4102
3289,4242
3290,3997
3291,3986
3292,3893
3293,3847
3294,3987
3295,3760
3296,3818
3297,3842
3298,3643
3299,3835
3300,3652
3301,3590
3302,3568
3303,3605
3304,3414
3305,3589
3306,3310
3307,3181
3308,3246
3309,3307
3310,3329
3311,3417
3312,3200
3313,3102
3314,3063
3315,3015
3316,3092
3317,2922
3318,2914
3319,2901
3320,2855
3321,2808
3322,2832
3323,2981
3324,2625
3325,2650
3326,2587
3327,2523
3328,2462
3329,2513
3330,2517
3331,2359
3332,2429
3333,2453
3334,2302
3335,2539
3336,2268
3337,2368
3338,2371
3339,2383
3340,2378
3341,2413
3342,2274
3343,2232
3344,2260
3345,2267
3346,2279
3347,2434
3348,2286
3349,2169
3350,2152
3351,2275
3352,2199
3353,2214
3354,2183
3355,2194
3356,2192
3357,2275
3358,2310
3359,2335
3360,2146
3361,2215
3362,2210
3363,2195
3364,2270
3365,2391
3366,2262
3367,2247
3368,2258
3369,2299
3370,2319
3371,2551
3372,2267
3373,2388
3374,2438
3375,2424
3376,2408
3377,2450
3378,2546
3379,2486
3380,2536
3381,2656
3382,2590
3383,2835
3384,2554
3385,2575
3386,2642
3387,276